ISL LSTM CLASSIFICATION REPORT
============================================

Test samples: 119
Accuracy: 0.7227
Macro Precision: 0.6918
Macro Recall: 0.7288
Macro F1: 0.6823
Weighted Precision: 0.7321
Weighted Recall: 0.7227
Weighted F1: 0.6970
Classes in test set: 59/59

                  precision    recall  f1-score   support

         1. loud     1.0000    0.6667    0.8000         3
        10. Mean     0.3333    0.5000    0.4000         2
        11. rich     0.5000    1.0000    0.6667         2
        12. poor     1.0000    1.0000    1.0000         1
       13. thick     0.0000    0.0000    0.0000         1
        14. thin     0.0000    0.0000    0.0000         1
   15. expensive     0.0000    0.0000    0.0000         1
       16. cheap     0.0000    0.0000    0.0000         1
        17. flat     1.0000    1.0000    1.0000         1
      18. curved     0.5000    1.0000    0.6667         1
        19. male     0.5000    1.0000    0.6667         1
        2. quiet     1.0000    1.0000    1.0000         3
      20. female     1.0000    1.0000    1.0000         1
       21. tight     1.0000    1.0000    1.0000         1
       22. loose     0.5000    0.5000    0.5000         2
        23. high     1.0000    1.0000    1.0000         1
         24. low     0.3333    1.0000    0.5000         1
        25. soft     0.5000    1.0000    0.6667         1
        26. hard     1.0000    1.0000    1.0000         1
        27. deep     1.0000    1.0000    1.0000         1
     28. shallow     1.0000    1.0000    1.0000         1
       29. clean     1.0000    1.0000    1.0000         1
        3. happy     1.0000    0.6667    0.8000         3
       30. dirty     1.0000    1.0000    1.0000         1
      31. strong     1.0000    0.5000    0.6667         2
        32. weak     1.0000    1.0000    1.0000         2
        33. dead     0.0000    0.0000    0.0000         1
       34. alive     0.5000    1.0000    0.6667         1
       35. heavy     1.0000    1.0000    1.0000         1
       36. light     0.6667    1.0000    0.8000         2
      39. famous     0.5000    1.0000    0.6667         1
          4. sad     1.0000    1.0000    1.0000         2
    5. Beautiful     0.6667    1.0000    0.8000         2
         6. Ugly     0.0000    0.0000    0.0000         1
         7. Deaf     0.0000    0.0000    0.0000         1
        78. long     1.0000    1.0000    1.0000         3
       79. short     1.0000    1.0000    1.0000         4
        8. Blind     1.0000    1.0000    1.0000         1
        80. tall     1.0000    0.6667    0.8000         3
        81. wide     0.4000    0.6667    0.5000         3
      82. narrow     0.7500    1.0000    0.8571         3
   83. big large     1.0000    0.3333    0.5000         3
84. small little     1.0000    0.5000    0.6667         4
        85. slow     1.0000    1.0000    1.0000         3
        86. fast     0.3333    0.3333    0.3333         3
         87. hot     0.7500    1.0000    0.8571         3
        88. cold     1.0000    0.3333    0.5000         3
        89. warm     1.0000    1.0000    1.0000         3
         9. Nice     1.0000    1.0000    1.0000         1
        90. cool     1.0000    1.0000    1.0000         3
         91. new     0.0000    0.0000    0.0000         3
         92. old     0.7500    1.0000    0.8571         3
       93. young     0.6667    0.6667    0.6667         3
        94. good     0.6667    0.6667    0.6667         3
         95. bad     0.0000    0.0000    0.0000         3
         96. wet     0.7500    1.0000    0.8571         3
         97. dry     1.0000    0.3333    0.5000         3
        98. sick     0.7500    1.0000    0.8571         3
     99. healthy     0.5000    0.6667    0.5714         3

        accuracy                         0.7227       119
       macro avg     0.6918    0.7288    0.6823       119
    weighted avg     0.7321    0.7227    0.6970       119
