ISL TRANSFORMER CLASSIFICATION REPORT
============================================

Test samples: 119
Accuracy: 0.8571
Macro Precision: 0.8514
Macro Recall: 0.8644
Macro F1: 0.8367
Weighted Precision: 0.8754
Weighted Recall: 0.8571
Weighted F1: 0.8436
Classes in test set: 59/59

                  precision    recall  f1-score   support

         1. loud     1.0000    1.0000    1.0000         3
        10. Mean     1.0000    0.5000    0.6667         2
        11. rich     1.0000    0.5000    0.6667         2
        12. poor     1.0000    1.0000    1.0000         1
       13. thick     1.0000    1.0000    1.0000         1
        14. thin     0.5000    1.0000    0.6667         1
   15. expensive     1.0000    1.0000    1.0000         1
       16. cheap     0.0000    0.0000    0.0000         1
        17. flat     1.0000    1.0000    1.0000         1
      18. curved     1.0000    1.0000    1.0000         1
        19. male     1.0000    1.0000    1.0000         1
        2. quiet     0.7500    1.0000    0.8571         3
      20. female     1.0000    1.0000    1.0000         1
       21. tight     0.5000    1.0000    0.6667         1
       22. loose     0.6667    1.0000    0.8000         2
        23. high     1.0000    1.0000    1.0000         1
         24. low     0.5000    1.0000    0.6667         1
        25. soft     1.0000    1.0000    1.0000         1
        26. hard     0.5000    1.0000    0.6667         1
        27. deep     1.0000    1.0000    1.0000         1
     28. shallow     1.0000    1.0000    1.0000         1
       29. clean     1.0000    1.0000    1.0000         1
        3. happy     1.0000    1.0000    1.0000         3
       30. dirty     1.0000    1.0000    1.0000         1
      31. strong     1.0000    0.5000    0.6667         2
        32. weak     1.0000    1.0000    1.0000         2
        33. dead     0.0000    0.0000    0.0000         1
       34. alive     1.0000    1.0000    1.0000         1
       35. heavy     0.5000    1.0000    0.6667         1
       36. light     1.0000    1.0000    1.0000         2
      39. famous     1.0000    1.0000    1.0000         1
          4. sad     1.0000    1.0000    1.0000         2
    5. Beautiful     0.6667    1.0000    0.8000         2
         6. Ugly     1.0000    1.0000    1.0000         1
         7. Deaf     1.0000    1.0000    1.0000         1
        78. long     1.0000    1.0000    1.0000         3
       79. short     0.8000    1.0000    0.8889         4
        8. Blind     1.0000    1.0000    1.0000         1
        80. tall     0.6667    0.6667    0.6667         3
        81. wide     1.0000    1.0000    1.0000         3
      82. narrow     1.0000    0.3333    0.5000         3
   83. big large     1.0000    1.0000    1.0000         3
84. small little     1.0000    0.5000    0.6667         4
        85. slow     1.0000    1.0000    1.0000         3
        86. fast     0.6667    0.6667    0.6667         3
         87. hot     1.0000    0.6667    0.8000         3
        88. cold     1.0000    0.6667    0.8000         3
        89. warm     1.0000    1.0000    1.0000         3
         9. Nice     0.0000    0.0000    0.0000         1
        90. cool     1.0000    1.0000    1.0000         3
         91. new     0.7500    1.0000    0.8571         3
         92. old     0.6667    0.6667    0.6667         3
       93. young     1.0000    0.6667    0.8000         3
        94. good     1.0000    0.6667    0.8000         3
         95. bad     0.6000    1.0000    0.7500         3
         96. wet     1.0000    1.0000    1.0000         3
         97. dry     0.7500    1.0000    0.8571         3
        98. sick     1.0000    1.0000    1.0000         3
     99. healthy     0.7500    1.0000    0.8571         3

        accuracy                         0.8571       119
       macro avg     0.8514    0.8644    0.8367       119
    weighted avg     0.8754    0.8571    0.8436       119
